POWER_BUTTON =
Decoded RC6: 1140C (20 bits)
Raw (36): 2800 -850 550 -800 550 -350 550 -350 1500 -1200 600 -350 550 -350 1050 -800 1050 -800 600 -350 600 -350 550 -350 550 -350 550 -350 1050 -350 550 -800 600 -350 600 

SOURCE_BUTTON =
Decoded RC6: 143F (20 bits)
Raw (38): 2800 -850 550 -800 550 -350 600 -350 600 -800 1000 -400 600 -350 600 -350 1050 -800 1050 -800 600 -350 600 -350 550 -350 1050 -350 550 -400 600 -350 550 -400 550 -400 550

DISPLAY_BUTTON =
Decoded RC6: 140F (20 bits)
Raw (38): 2800 -850 550 -800 550 -400 550 -400 550 -800 1000 -400 550 -400 550 -400 1050 -800 1050 -800 550 -400 550 -400 550 -400 550 -400 550 -400 1050 -400 550 -400 550 -400 550 

TUNING_LEFT =
Decoded RC6: 11421 (20 bits)
Raw (34): 2800 -850 550 -850 500 -450 550 -400 1500 -1250 500 -450 500 -450 1000 -850 1000 -850 550 -400 550 -400 550 -400 1000 -850 550 -400 550 -400 550 -350 1000 

TUNING_RIGHT =
Decoded RC6: 1420 (20 bits)
Raw (38): 2850 -800 550 -800 550 -400 600 -350 550 -800 1050 -350 550 -350 550 -400 1050 -800 1050 -800 550 -350 550 -400 550 -350 1050 -800 600 -350 600 -350 550 -350 600 -350 600

PLAY_PAUSE_BUTTON =
Decoded RC6: 1142C (20 bits)
Raw (34): 2800 -850 550 -800 550 -400 550 -350 1450 -1300 550 -350 550 -350 1000 -850 1050 -800 550 -350 550 -400 550 -350 1050 -800 1050 -400 550 -850 550 -350 550 

ALT_PRESET_DOWN =
Decoded RC6: 1142B (20 bits)
Raw (32): 2850 -850 550 -850 550 -400 550 -400 1500 -1250 550 -400 550 -400 1050 -800 1050 -800 550 -400 550 -400 550 -400 1050 -800 1050 -800 1050 -400 550 

ALT_PRESET_UP =
Decoded RC6: 142A (20 bits)
Raw (34): 2800 -850 550 -800 550 -400 550 -400 550 -800 1050 -350 550 -400 550 -400 1050 -800 1050 -800 550 -400 550 -400 550 -400 1050 -800 1050 -800 1050 -800 550 

STOP_BUTTON =
Decoded RC6: 1431 (20 bits)
Raw (36): 2850 -800 550 -800 550 -400 550 -400 550 -800 1000 -400 550 -400 550 -400 1050 -800 1050 -800 550 -400 550 -400 550 -400 1050 -400 550 -800 550 -400 550 -400 1050 

SLEEP_TIMER_BUTTON =
Decoded RC6: 11026 (20 bits)
Raw (36): 2800 -850 550 -850 550 -400 600 -350 1450 -1250 550 -400 550 -400 1050 -800 550 -400 550 -400 550 -400 550 -400 550 -400 1050 -850 550 -400 1000 -400 550 -800 550 

CLOCK_PROG_BUTTON =
Decoded RC6: 1444 (20 bits)
Raw (36): 2800 -850 550 -850 550 -400 550 -400 550 -850 1000 -400 550 -400 550 -400 1000 -850 1000 -850 550 -400 550 -400 1000 -850 550 -400 550 -400 1050 -800 550 -400 550 

PLAY_MODE_BUTTON =
Decoded RC6: 1141D (20 bits)
Raw (34): 2850 -850 500 -850 550 -400 500 -400 1450 -1300 550 -400 550 -400 1000 -850 1000 -850 550 -400 500 -450 550 -400 550 -400 1000 -450 550 -400 550 -850 1000 

FILE_CUT_BUTTON =
Decoded RC6: 1144C (20 bits)
Raw (34): 2750 -900 500 -850 550 -400 550 -400 1450 -1300 550 -350 550 -400 1000 -850 1050 -800 550 -400 550 -400 1050 -800 550 -400 1000 -400 550 -850 500 -450 500

REC_BUTTON =
Decoded RC6: 1446 (20 bits)
Raw (36): 2750 -900 550 -850 550 -400 550 -400 550 -850 1000 -400 550 -400 500 -450 1000 -850 1000 -850 550 -400 550 -400 1050 -800 550 -400 550 -400 1000 -400 550 -850 550 

INFO_BUTTON =
Decoded RC6: 11454 (20 bits)
Raw (32): 2850 -800 600 -800 550 -350 550 -350 1500 -1250 550 -400 550 -350 1050 -800 1100 -750 550 -350 550 -400 1050 -800 1050 -800 1050 -800 600 -300 600 

VOLUME_DOWN_BUTTON =
Decoded RC6: 11411 (20 bits)
Raw (34): 2800 -850 550 -800 550 -400 550 -400 1500 -1250 550 -400 550 -400 1050 -800 1050 -800 550 -400 600 -350 550 -400 550 -400 1050 -800 550 -400 550 -400 1050 

VOLUME_UP_BUTTON =
Decoded RC6: 1410 (20 bits)
Raw (38): 2800 -850 550 -800 550 -400 550 -400 600 -800 1000 -400 550 -400 550 -400 1050 -800 1050 -800 550 -350 550 -400 550 -400 550 -350 1050 -800 550 -400 550 -400 550 -400 550 

MUTE_BUTTON =
Decoded RC6: 140D (20 bits)
Raw (36): 2800 -850 550 -800 550 -350 550 -400 550 -800 1000 -400 550 -400 550 -400 1000 -850 1050 -800 550 -400 550 -400 550 -400 550 -350 550 -350 1050 -400 550 -800 1050 




